$ANSIBLE_VAULT;1.1;AES256
66653033386564363437303338336235323233383161303566353839303533303935366332366163
6537303566363232653738336664613938646231353037640a356436323033636633666566396234
66376334366335646566383461363931613239353839363037613235326265396461653131326537
3739623061666266650a313438663133303262666332353533393038326331646462373837383932
37393734653137373337623234393264303962353662353834306137343933346362356165336137
39373361366261653135303138366165636633656435363462633462366139363336633937353438
35666537353133303236326335396565623732333435643466383066643733376666376163326666
32623163396635333433663637346664643936343935663933323839386139383466316536626339
36666337346632633330636631643537636532336331303831393963313638346665356464366664
63353466376432343736346463306165313335343239333864303663376136373264336264353139
61306537613065623635626363623537626130353430356434623835376634616633626163646139
33333165613164373365386462316139386463316331303161373431636235386466396230663963
6164
